0 187 24 -0.16281390223612796
0 43 104 0.11480183444841369
0 45 101 0.07956460106896142
0 83 70 0.0422837815242956
0 154 16 -0.24048718834508642
0 166 116 -0.05999833456568216
0 116 85 -0.09053282445252149
0 68 71 -0.033401035982508244
0 98 146 0.07303649166696909
0 167 169 -0.06238700838180925
0 13 115 0.23111475341263876
0 58 136 0.170969446907456
0 108 102 -0.006129737115803804
0 143 122 0.007139372757302611
0 180 170 0.13252201691230325
0 56 23 -0.07688003504024243
0 27 147 0.11385204999581687
0 142 189 -0.13171483955351637
0 6 162 0.12658220753550412
0 95 94 0.05833390723794502
0 17 116 0.2926374025712912
0 189 78 -0.009519289472725467
0 163 68 -0.2283032618070907
0 120 75 -0.010673225636361888
0 101 79 -0.08479193881870772
0 163 173 0.08217770982516286
0 66 173 0.14376742098109194
0 185 146 -0.014063088981839913
0 55 106 0.1400886142370294
0 85 131 0.08428352706175744
0 157 134 -0.03441178829987528
0 99 19 -0.18764820530370335
0 14 95 0.23362533110599162
0 119 134 0.07622720115120547
0 64 179 0.13648703552274882
0 3 29 -0.1620735683954661
0 108 48 -0.1128294338316464
0 133 104 -0.08210510851268397
0 122 26 -0.30397366126811326
0 100 111 0.0008653640293804871
0 77 170 0.13208171713625788
0 34 105 0.2212520725246342
0 61 145 0.18414038067238117
0 12 141 0.10407356031700069
0 150 81 -0.046908248351810775
0 184 178 -0.016082730677094752
0 1 83 0.0486429298148545
0 152 71 -0.20270250688000985
0 24 2 -0.2658439155260979
0 2 40 0.14892427389541943
0 95 191 0.10764687957462832
0 159 163 0.08871546257198266
0 129 33 -0.16377660090993965
0 38 177 0.2482909500089701
0 40 168 0.1039277673996604
0 126 116 -0.03347323028978744
0 139 91 -0.1375891816875863
0 177 142 0.04719734205826033
0 78 97 0.041705854284413965
0 48 156 0.10443806191160318
0 52 80 -0.018391054227747877
0 34 50 -0.017164734504291863
0 6 5 -0.25935893438689434
0 137 180 -0.039900009339145594
0 74 187 0.12775478623501732
0 71 112 0.18391662992494265
0 29 184 0.25974434344831765
0 109 22 -0.18197821690208632
0 140 178 -0.024595713548533044
0 125 80 -0.19415354462214332
0 81 160 0.07528433319471438
0 63 70 -0.08232291504402564
0 109 20 -0.2987686252303058
0 10 19 0.04466803406511519
0 14 179 0.30223688566528223
0 68 13 -0.00266821142318469
0 116 18 -0.11100391642514121
0 55 52 -0.012115686172296664
0 113 149 0.13391663744293875
0 60 191 0.16933656882653297
0 60 168 0.03455618717758127
0 111 89 -0.1700044558160719
0 43 99 0.14686060414774055
0 128 156 -0.009879891656269782
0 143 158 0.018030366379812198
0 6 183 0.10640685090631648
0 41 72 0.2152793378529106
0 137 83 -0.19977463188268435
0 75 165 0.03405079736816502
0 146 9 -0.19026337890375633
0 85 47 -0.2034537947128604
0 165 68 -0.1635544130333382
0 35 102 0.30539598372389315
0 84 130 0.05457202955623864
0 85 18 -0.06057734318002173
0 14 187 0.362287382839683
0 34 93 0.11370594750469706
0 47 164 0.2726612292886385
0 86 80 -0.0012980464490911282
0 164 74 -0.16192552278512692
0 103 80 -0.17334615759217312
0 190 153 -0.061228776385088036
0 53 169 0.18182916439931604
0 175 178 -0.014856505054540272
0 135 134 -0.01586633451109653
0 67 164 0.18406579506515874
0 141 102 -0.0062018535085309225
0 72 120 0.04466803406511519
0 97 79 -0.06586272010918116
0 165 57 -0.06709407817420691
0 182 22 -0.19894943386242428
0 73 188 0.1314947299307047
0 188 27 -0.1405298702666517
0 58 153 0.14398827136146422
0 90 3 -0.0836299186322722
0 88 91 -0.02005028140758508
0 104 4 -0.15128429747626132
0 113 3 -0.058478627101580104
0 105 147 0.009807771017012658
0 24 71 -0.054065743102080906
0 137 126 -0.032679111927477064
0 123 185 0.0745591411410492
0 104 111 0.03498939247790754
0 144 135 0.00778843179774167
0 60 153 0.09031470976931238
0 140 73 -0.11757931667280559
0 39 71 -0.08384778016059605
0 66 99 0.07934689143105905
0 27 103 0.11567874159160481
0 49 89 -0.01204356199800889
0 133 4 -0.22329693320119665
0 180 133 0.03679455772274355
0 28 92 0.0336176199514936
0 62 162 0.23088666141294895
0 15 56 -0.08014519695773632
0 23 9 0.19407867934939582
0 175 147 -0.06658702399056556
0 123 66 -0.10823053637683351
0 45 164 0.17156344424766845
0 32 49 0.23552920992520807
0 63 123 0.08435615464536574
0 26 176 0.23987635390233017
0 151 107 -0.11524026596359477
0 122 48 -0.14700796774557065
0 47 145 0.25105226328809666
0 125 5 -0.3296848168274797
0 170 33 -0.1532768680667254
0 15 0 -0.0251729800870939
0 26 6 0.13208171713625788
0 36 73 0.054716687951124
0 159 15 -0.154089001570503
0 56 118 0.21452438134088864
0 63 1 -0.11531334216680635
0 190 139 0.04510158826508824
0 58 177 0.10298022045279018
0 6 165 0.0941693503069899
0 121 12 -0.1546797707525481
0 49 67 -0.0015865016555783834
0 125 15 -0.14001507683897244
0 32 124 0.3143527066644443
0 11 75 0.2763901779511779
0 101 30 -0.08152432903666133
0 108 18 -0.1478185810353965
0 184 182 0.06101162624367483
0 177 72 -0.05768269796639199
0 137 143 -0.012620558963559094
0 34 60 0.17498127010858278
0 109 178 0.029069987300120097
0 174 121 0.04799239054618824
0 191 114 -0.1128294338316464
0 24 44 -0.17245466524414077
0 186 16 -0.17260322841668713
0 134 1 -0.16963338897955352
0 152 118 -0.08479193881870772
0 68 6 0.06636972553545524
0 137 8 -0.3133992520488415
0 36 143 0.11838365995418897
0 13 52 0.10961701645749829
0 164 66 -0.1471553376829314
0 82 49 -0.07165914786220524
0 49 26 -0.21867964802651826
0 44 83 0.1421482756221906
0 89 78 0.07709766084396924
0 130 44 -0.26375709819264803
0 132 103 -0.05211318095395693
0 56 16 0.027265714731164514
0 118 62 -0.24706489200813142
0 10 31 0.058695711486671964
0 81 145 0.09569742649981473
0 98 147 0.027770892656171234
0 54 56 -0.2517431763981856
0 40 7 -0.027337882148331223
0 125 117 -0.0893696448961832
0 94 122 0.10341752681367393
0 174 116 -0.017164734504291863
0 91 114 0.06376262628676939
0 50 76 0.15608327775078773
0 179 104 -0.08697134502984652
0 6 35 -0.2084180227675721
0 155 151 -0.05319788773934282
90 63 180 0.022864010723098467
90 143 128 0.33273690651141014
90 123 142 -0.19175891697280936
90 170 59 -0.14443001399698188
90 172 66 -0.13670743830960938
90 77 104 -0.07376152025217443
90 127 32 0.04083901550713355
90 52 127 -0.030585722013771025
90 108 145 0.08682602586777802
90 99 120 -0.0755744321050408
90 189 18 0.008293260004622646
90 180 157 -0.004110501263995846
90 93 84 0.1306144178925074
90 37 179 0.06912264206225374
90 58 135 -0.08486457263351806
90 177 158 -0.11948073767507278
90 61 101 0.10239720632300661
90 96 57 0.03556701999414563
90 8 23 -0.35680377918657585
90 68 187 0.16303603685502444
90 170 43 -0.20165108283217162
90 0 93 -0.09191441782409873
90 86 90 0.030730084918983474
90 137 181 0.1920581260982714
90 24 3 -0.022936162198260328
90 132 186 -0.1322284780627269
90 121 79 -0.027554386110979216
90 28 130 -0.0912599355614074
90 10 168 -0.021781766735597344
90 62 70 -0.09467865997039773
90 69 180 0.047414167508927685
90 103 26 0.11662892428579719
90 46 23 -0.217772414926349
90 118 6 0.2098489875441552
90 79 96 -0.045968747662842806
90 9 75 0.04835379620474772
90 3 122 0.10217859392821674
90 97 7 0.019256724763328143
90 184 158 0.02170961897832231
90 116 114 0.28887497571621173
90 186 82 0.1227004943392564
90 190 51 0.17736127253215997
90 93 67 -0.061518318881960486
90 45 6 0.10363619476493696
90 54 191 -0.27048942798930076
90 47 137 0.10837646203963093
90 103 123 -0.003966271609364437
90 29 90 -0.17646853998546902
90 2 1 -0.1652582641834529
90 186 85 0.04423449664576757
90 79 18 -0.14516637622561793
90 44 121 0.2663853110610564
90 163 49 0.18757352348771097
90 63 190 -0.11735997664744352
90 30 74 0.050377903841657384
90 1 0 -0.2241305506033521
90 1 150 -0.057393287341873864
90 156 98 0.07310899106385377
90 172 68 -0.31490914410693727
90 184 108 0.10757392761910377
90 109 18 -0.04141690112948296
90 45 140 -0.1734947661397888
90 100 80 -0.032318162715628825
90 50 109 -0.1431785546626811
90 12 121 0.09395108966271187
90 190 14 0.07985489229801368
90 66 143 -0.2744470878659142
90 125 105 -0.08508247944089685
90 98 191 -0.268320115024701
90 157 129 0.06405226059308328
90 58 11 0.0020912989310922416
90 183 23 -0.2009753997337993
90 45 43 -0.01168294299094307
90 95 154 0.35476293762042155
90 168 65 -0.13487114961908173
90 152 55 -0.03029700002064407
90 21 66 0.05153472092375335
90 189 122 0.16244371325092377
90 107 28 0.12533672185334377
90 7 152 0.04221153908343593
90 157 133 -0.0018749571260798415
90 45 170 0.18802164543703068
90 76 54 -0.02423493030874195
90 53 84 -0.11129594938820477
90 119 59 0.27965916559419884
90 38 55 0.1537936570173562
90 133 183 -0.061590706113968906
90 16 181 0.0642694933631095
90 89 34 0.2592047918688951
90 182 6 0.06318338967388745
90 150 188 -0.25089875894080127
90 168 22 -0.13817712865832676
90 38 29 0.14281056331587916
90 80 128 0.0053364608387841085
90 130 189 -0.14980908838751253
90 19 118 -0.047992390546188195
90 11 181 -0.04871521448528367
90 92 20 0.04307847765285222
90 110 101 0.15003032834221042
90 174 152 0.055512350180549265
90 44 138 0.1822763459095867
90 123 61 -0.08232291504402564
90 13 181 -0.004182616155066826
90 183 56 0.11809115390083343
90 31 155 -0.0644867321907314
90 119 190 0.23591018654323703
90 86 49 0.16985602352255874
90 96 19 -0.135311776001121
90 7 61 -0.10779278691069077
90 156 92 -0.28043835301119785
90 186 168 0.06043258723828875
90 158 21 -0.025533780167305127
90 103 96 -0.05891280139770494
90 189 186 0.054138068037073495
90 84 92 -0.30998721987299405
90 170 183 -0.17832871532526223
90 23 97 0.26847498395594777
90 41 65 -0.04033338796262532
90 155 140 -0.265998584414365
90 114 74 0.10626098668425493
90 185 131 0.16348035396561955
90 170 168 -0.1784031476628865
90 27 50 0.05826154822175872
90 21 170 0.1883204348629031
90 126 84 -0.06564544243458664
90 9 59 -0.029575217023839383
90 131 1 0.09620688390879005
90 59 63 -0.056091057668090576
90 93 133 0.058478627101580104
90 44 52 0.2753017976114549
90 27 177 -0.038961073490873
90 98 15 -0.13237524465252504
90 67 17 -0.022936162198260328
90 16 9 0.08000004294592486
90 151 79 -0.0219260629310778
90 166 183 0.11816427852655075
90 70 147 0.20322838461082965
90 184 80 0.11882245685997947
90 99 163 -0.16303603685502446
90 139 30 0.17550172707652875
90 175 109 -0.12460426411893341
90 59 73 0.06202504307053519
90 83 88 -0.09613410123680115
90 126 168 -0.09140536930703948
90 92 191 -0.01103383637213567
90 69 159 0.034339589399323425
90 129 120 -0.05732093618820221
90 144 117 -0.11217216192360688
90 33 109 -0.10596927174756235
90 120 182 -0.07180411854946749
90 80 183 -0.09671639110951272
90 122 50 -0.011971437949013538
90 183 42 -0.015649939830918672
90 180 43 -0.11494797339619785
90 161 33 0.1795198679659741
90 7 103 -0.011755066546275408
90 180 25 0.11063890173003349
90 33 28 0.06999219951957936
90 174 43 -0.16636998336469022
90 160 24 0.10400066330766602
90 179 117 -0.09962882943706376
90 38 185 -0.10174139831378907
90 140 82 0.2770901882619741
90 157 77 0.08508247944089681
90 100 150 -0.03621687932809364
90 52 151 -0.01774181948333265
90 147 148 0.1102739163949641
90 48 22 -0.18004115558538666
90 166 7 0.223069636021001
90 181 96 0.023874153376663293
90 175 182 -0.12519021962802804
90 136 116 -0.2838707376077719
90 108 170 0.14236902439598975
90 92 99 0.2992411572523252
90 109 42 -0.03239035188154154
90 94 81 0.23957100256344935
90 138 71 -0.26344813135589884
90 12 106 0.04495706832379562
90 108 60 -0.004687421652672334
90 81 46 -0.2048066845421445
90 172 156 -0.10669859288994957
90 66 81 0.12328617477256786
90 122 30 -0.0816695187459603
90 179 53 0.09475142248554093
90 144 62 -0.11151498651512777
90 96 11 0.006418203076761747
90 156 190 -0.17751008845693794
90 131 36 -0.02466787096169651
90 50 124 -0.09307813611844358
90 31 133 -0.13083447697891615
90 81 36 -0.08820670648004905
90 116 6 0.27965916559419884
90 137 150 0.20856861092530532
90 35 169 0.06658702399056553
90 159 175 0.134797716953979
90 19 162 0.06781850112108348
90 98 108 -0.08500984294382968
90 88 29 0.19864942820465512
90 88 108 0.14678692472402163
90 77 183 -0.1246775038943901
180 46 144 -0.18675215980297732
180 105 100 -0.030585722013771025
180 112 93 0.047125067894478026
180 121 21 0.07709766084396924
180 50 138 -0.148334526222553
180 33 191 -0.2627531355985611
180 176 152 0.09366008934939546
180 92 178 -0.17579917330136433
180 146 162 0.14722902503106397
180 47 112 -0.1651100655988309
180 123 172 -0.14737640449049122
180 175 85 0.18787226316934943
180 135 144 -0.03361761995149362
180 17 36 -0.09657081252695171
180 114 152 -0.2415565727528317
180 58 38 0.051028596675459684
180 104 107 -0.03636129664659297
180 102 133 -0.15003032834221036
180 73 3 -0.04199481439984869
180 116 138 0.012332059454421672
180 43 48 -0.09620688390879002
180 191 15 0.24729472233004718
180 32 186 -0.14281056331587919
180 184 101 0.056235740389243345
180 34 29 0.08966041705252226
180 128 84 0.2300505258158947
180 62 64 -0.005120113970866314
180 162 138 0.06325579192704343
180 56 6 -0.03628908779821171
180 187 15 0.16725965206532226
180 127 42 0.1336963999084282
180 3 134 -0.192207743398147
180 6 89 -0.015649939830918672
180 65 86 -0.12738831800468844
180 112 190 -0.17989220639919598
180 115 39 0.06441431857384329
180 126 67 0.12460426411893342
180 125 43 0.214675353349673
180 143 186 0.04083901550713355
180 105 25 0.09671639110951266
180 182 31 0.3783680714795754
180 36 102 -0.0647039770967074
180 160 164 -0.1844387433699896
180 95 143 -0.2155058719045328
180 61 146 -0.2492109736058433
180 46 104 -0.15837452296809346
180 27 26 0.11414426950401009
180 116 128 -0.128341206441831
180 186 6 0.11429038653404242
180 70 140 -0.22132777554595934
180 22 23 0.13810363010362273
180 153 82 0.10305310211626009
180 1 161 -0.2916960441310385
180 145 120 0.10436515938362587
180 92 114 -0.042789491003442724
180 157 70 0.2171677889566051
180 156 188 -0.2739033853544824
180 33 18 -0.03304006965164915
180 72 153 -0.08595418749052458
180 12 20 0.13281557846841155
180 134 180 0.08675336765882792
180 102 117 -0.025533780167305127
180 18 31 0.05609105766809058
180 147 60 0.13935330785725153
180 150 52 0.14362019513323818
180 153 102 0.07361650836665651
180 134 94 0.24086904927898037
180 79 109 -0.10436515938362582
180 69 115 -0.04864292981485455
180 66 69 -0.08740732452588769
180 167 115 0.21180852456822966
180 91 16 0.03448398755904281
180 106 96 0.018535330701382604
180 124 155 -0.2697918786413966
180 50 105 -0.0975899486502624
180 161 133 0.23781608096441642
180 74 129 -0.07615466806542269
180 179 176 0.011682942990943081
180 69 156 -0.10305310211626008
180 2 180 -0.179966680004751
180 61 64 0.008437497400299674
180 132 116 -0.02892563868677795
180 15 92 -0.01204356199800889
180 88 23 0.12240768555355926
180 48 76 0.010817469592325345
180 102 164 -0.24277939051352743
180 162 154 -0.14126541790265748
180 16 5 0.09882774302306895
180 15 152 -0.2544323063201921
180 98 25 0.08544567537666817
180 56 141 -0.1206512695698801
180 22 15 -0.10896021073275798
180 106 3 0.06267659238188804
180 18 178 -0.19086149285679074
180 9 56 0.041272427147049484
180 175 136 0.07709766084396924
180 96 3 0.04849836199700061
180 177 90 0.11977333997706485
180 139 14 0.13252201691230325
180 28 171 -0.19123538257857844
180 13 112 -0.07949203035439811
180 30 154 -0.2069878988880365
180 143 28 0.2000747704187109
180 34 67 0.022791859485946853
180 159 186 -0.06564544243458664
180 90 166 -0.16889139399105232
180 121 19 0.1664441124376277
180 6 70 0.0378777711804542
180 51 131 -0.2525879456119358
180 49 148 -0.17282608732399102
180 183 102 0.08377515876984956
180 102 140 -0.161259404511659
180 97 157 -0.12555648522908347
180 148 62 0.1538674906580149
180 135 131 -0.18682681892060654
180 157 6 0.16755626653713748
180 118 94 0.07310899106385377
180 149 127 0.19535168195326733
180 162 67 0.16377660090993965
180 77 183 -0.08130655090088493
180 55 30 -0.03643350587399334
180 29 50 -0.09737154539709054
180 179 125 0.15977964860542704
180 72 1 0.07020960534534067
180 173 7 0.3027893036835608
180 29 158 -0.31467064781608306
180 189 106 0.05175163937629416
180 75 40 0.06492122810179939
180 73 86 -0.056597457495218474
180 132 154 -0.1862296035516591
180 166 164 -0.19774962273684296
180 101 122 -0.173048963230881
180 105 57 0.05797211824336318
180 116 14 0.12878107919376178
180 160 63 0.18764820530370338
180 158 58 0.30753171895680864
180 184 103 0.12174894206311916
180 44 166 -0.22519196167182456
180 24 29 0.10195999126565802
180 92 115 -0.0747041732654996
180 162 167 -0.19325530295034327
180 128 154 0.03535040691605377
180 123 157 -0.15371982504034742
180 60 84 -0.028997812842437944
180 107 136 0.009086570111969545
180 172 138 0.12174894206311916
180 94 49 0.06369021938132674
180 125 189 0.054138068037073495
180 163 10 0.17788216232736806
180 83 24 0.04199481439984866
180 181 12 0.19101104241307085
180 147 56 0.1110769228962387
180 171 189 -0.01759754714584994
180 99 75 0.052836305040169826
180 19 164 -0.27615689990609554
180 176 38 0.28472984971437404
180 158 131 0.11626344468522117
180 170 42 0.2537404730885241
180 127 177 -0.02199821137078759
180 23 149 -0.2785688587893697
180 163 22 0.1335495820491931
180 150 17 0.12584952183513137
180 112 21 0.01990599653257628
180 178 16 0.23522447696497087
180 118 167 -0.223069636021001
180 48 129 -0.06738383887283417
180 31 142 -0.16266582133947854
180 129 78 0.07354400358319803
180 41 74 -0.09904620855473384
180 55 104 -0.17342046091798943
180 17 28 -0.06716651729231614
180 155 132 0.2851204904943366
180 6 79 0.027843062081983467
180 18 74 -0.011178081464675981
180 151 88 0.17520431158832922
180 71 79 -0.08021777522705278
180 59 122 -0.17252894588777606
180 103 102 0.03636129664659301
180 17 149 -0.2522039159085123
180 47 85 -0.11582490996741929
180 51 60 0.0046153064413233255
180 173 57 0.30129029953410325
180 125 118 0.12226128899550033
180 165 41 0.1581527178478667
180 171 151 -0.058333907237945015
180 96 147 -0.03773333764144278
180 34 162 -0.12753490120754016
180 49 86 -0.10021151774173305
180 18 19 0.1464185513233532
180 167 29 0.26398885562253216
180 162 156 -0.013413943590315447
180 18 59 -0.00497588299311501
180 171 78 0.16348035396561955
180 62 87 -0.015217154846900189
180 24 40 0.08515511683361549
180 37 93 -0.07325399215995923
180 17 10 -0.10232433444205437
180 29 12 -0.0953335586847705
180 20 44 0.009519289472725477
180 146 107 0.13428372871110214
270 76 32 -0.028276084752460625
270 178 16 0.11173403429880142
270 132 154 -0.08624478573521117
270 122 70 0.339343508543658
270 98 114 0.3065030635105125
270 71 62 -0.07332649386072874
270 105 129 -0.011899314024559961
270 47 151 -0.17728686748546854
270 139 129 -0.08275855150808098
270 94 133 -0.031018814576877156
270 22 41 0.02091600839710797
270 69 164 0.09824521418167824
270 90 24 -0.15253873896223538
270 7 172 -0.056597457495218474
270 143 114 -0.0937328379430541
270 169 133 0.22602627759739885
270 65 184 -0.008004786242458777
270 42 191 0.13083447697891612
270 146 87 0.32872223191934813
270 185 68 0.011755066546275377
270 72 161 0.15231733242599915
270 112 98 -0.38302053993926877
270 184 101 -0.29310827088675917
270 108 54 -0.09678918193295616
270 51 186 0.09118722013261903
270 64 111 -0.039033296866654806
270 80 141 0.20210163914387114
270 98 33 0.3114939952236261
270 124 152 -0.024379242842464004
270 136 183 -0.06810829015872778
270 48 161 0.14288415850879335
270 28 170 -0.20668692670812555
270 3 97 -0.11757931667280559
270 142 99 -0.1502515828757588
270 49 130 0.1455346159232276
270 40 67 0.009735650479780072
270 146 109 0.30436863092663197
270 34 15 0.0422837815242956
270 111 17 0.05884043747875771
270 84 132 -0.012981186309821785
270 74 17 0.3295243450931337
270 89 74 -0.30705687660920833
270 77 17 0.254201668779698
270 55 152 -0.0907509477266319
270 10 117 0.03888885052134212
270 134 46 0.09569742649981473
270 72 0 -0.027698723519568792
270 12 120 -0.09344184949603918
270 106 38 0.06803584183043672
270 179 129 0.061445932293835284
270 127 120 -0.03556701999414566
270 45 173 -0.20736416612001848
270 56 140 0.2333208651490289
270 174 153 0.11129594938820477
270 21 171 -0.07804079048732311
270 111 176 -0.1842149683055629
270 49 50 -0.34865732127455934
270 149 125 -0.024523556391441603
270 91 35 -0.1359728135615502
270 24 122 -0.25105226328809666
270 153 190 0.09329636119225068
270 4 60 0.18011563314200782
270 78 102 -0.004831652222384059
270 122 2 0.03903329686665477
270 153 27 -0.06847054252368219
270 48 185 0.1377361595528954
270 175 1 -0.05920226324405718
270 107 88 0.2006751542838184
270 126 128 -0.24224432032144322
270 67 181 -0.052908620472754915
270 155 174 0.0031730112976065795
270 104 39 0.2478310927180122
270 167 58 -0.16533236617309524
270 89 82 -0.08333944891088584
270 79 188 0.18727481689535058
270 39 79 -0.15918794081634555
270 190 159 -0.05999833456568216
270 172 188 0.23179917130841904
270 51 61 0.11801803053217301
270 53 46 0.28449550586701455
270 138 173 -0.22344847726361775
270 34 166 0.10866832716493925
270 82 98 -0.3286420430738963
270 0 152 -0.03737226066495793
270 176 12 0.13567900454296813
270 6 176 -0.06426949336310948
270 112 61 -0.060143082937250965
270 104 80 0.0026682114231847028
270 65 122 -0.30824423476370016
270 145 28 0.000432681933686255
270 56 65 0.21256261882854388
270 1 76 0.007932668011955399
270 82 56 -0.20420530916896062
270 11 161 0.127461608925118
270 184 16 0.012332059454421672
270 102 63 0.10771983267155623
270 66 41 0.029069987300120097
270 155 75 -0.007572078082148691
270 82 116 0.11041990701223774
270 47 93 -0.1242380851732772
270 87 133 -0.055295344469377915
270 18 82 -0.08058067923891596
270 167 140 -0.03137973392548226
270 35 118 0.1279013830784337
270 174 13 0.10494841062385594
270 65 175 -0.12570300084768815
270 143 177 -0.09904620855473384
270 22 167 0.0922053240030337
270 21 13 0.06608000399368047
270 38 149 -0.23012652506517922
270 61 101 -0.3029471703377441
270 116 154 -0.09693476664813358
270 12 37 0.043728723980002784
270 38 9 -0.039900009339145594
270 151 132 0.14023569354995927
270 27 16 0.1591879408163456
270 190 81 -0.09475142248554097
270 179 181 0.12101712812438144
270 191 182 -0.0886427803319353
270 88 34 -0.09678918193295616
270 119 132 -0.049438089292646495
270 173 17 0.25028485727877325
270 106 11 -0.050522498546301996
270 37 178 -0.08116136975337944
270 110 122 -0.2752240805272983
270 190 176 -0.16451734306027077
270 120 60 0.11904187238214135
270 76 36 0.19632557635551048
270 6 135 0.12123665872693855
270 160 7 -0.1442091356924702
270 74 87 0.35672209083863937
270 52 35 0.07412406352729681
270 4 139 0.1972248822463727
270 91 144 -0.14178039156650604
270 189 161 0.04965496176791717
270 180 96 -0.09926468351040398
270 18 184 0.03758890567598139
270 85 77 -0.33934350854365797
270 59 182 0.10837646203963093
270 156 33 -0.043800975843109755
270 93 22 0.09285991988393376
270 163 8 -0.22231214234666036
270 7 165 0.0603602102163756
270 94 179 -0.12475074500053959
270 27 3 -0.06803584183043675
270 41 40 -0.07231153972309852
270 77 107 0.19864942820465512
270 102 130 0.011755066546275377
270 169 122 -0.24063992445528046
270 71 60 -0.06883281283183278
270 20 114 -0.09366008934939553
270 19 80 -0.2700243665764406
270 80 88 0.23896043131871098
270 186 17 0.058044474826540425
270 89 139 0.044306751723961924
270 175 31 -0.009807771017012657
270 179 81 0.0656454424345867
270 28 36 0.16629585610346917
270 152 73 0.0053364608387841085
270 1 83 0.041272427147049484
270 105 77 -0.3028682351792977
270 60 171 -0.126362387665892
270 88 105 -0.07289149517166435
270 123 45 0.07499424693141583
270 80 59 0.15807878623826138
270 97 132 0.23484362107467305
270 23 11 -0.1389857108541909
270 53 65 0.2725060175750964
270 85 88 0.028203913575565096
270 76 28 0.026255400361308766
270 127 117 0.11100391642514124
270 25 61 0.22072222118826776
270 73 121 0.019401005956563685
270 130 174 -0.04156137683991699
270 185 150 -0.13707480563319438
270 144 21 0.07767803201097823
270 22 162 -0.0574656390957637
270 40 41 0.01658766095654575
270 131 77 -0.20894512213376584
270 2 110 0.19939950865157233
270 173 40 0.276467943818447
270 182 108 -0.01464011704004182
270 61 65 0.06231461401643996
270 139 86 -0.12379871417961785
270 139 89 -0.02214250893790738
270 173 76 0.12548322943103757
270 157 139 0.06397985101228623
270 76 132 0.2158079511981731
270 44 61 -0.12944098131580825
270 159 131 -0.15003032834221036
270 5 129 0.2137696656089283
270 169 174 0.11385204999581687
270 141 184 0.051896254380034194
270 71 145 -0.21482633499745882
270 134 73 -0.16066741848179833
270 138 58 -0.09053282445252149
270 103 9 0.10166853615070814
270 118 48 -0.1359728135615502
270 29 155 0.15121052155169346
270 171 158 0.07223904871418035
